100 479
83 67 72 24
1 6 82
1 43 81
1 44 82
1 68 82
1 69 1
1 73 87
1 77 81
1 89 81
1 90 81
1 93 1
2 17 82
2 18 81
2 21 82
2 37 82
2 46 81
2 48 81
2 51 2
2 63 81
2 68 83
2 78 81
2 87 2
2 90 85
3 9 82
3 16 82
3 46 82
3 55 2
3 59 81
3 60 2
3 89 82
3 94 81
4 23 81
4 24 81
4 37 81
4 44 81
4 45 2
4 47 81
4 71 82
4 72 84
4 76 2
4 78 81
4 90 84
5 8 81
5 21 82
5 22 1
5 29 82
5 32 81
5 40 1
5 52 81
5 54 81
5 72 81
5 75 82
5 80 81
5 99 81
5 100 81
6 9 1
6 14 82
6 16 1
6 22 82
6 26 87
6 35 81
6 39 82
6 46 81
6 48 81
6 49 88
6 57 81
6 66 89
6 67 86
6 69 81
6 85 88
7 8 81
7 26 81
7 33 82
7 35 82
7 47 81
7 68 84
7 82 81
8 14 1
8 41 82
8 50 81
8 86 82
8 89 82
8 91 1
9 25 81
9 62 1
9 82 82
9 86 84
10 20 81
10 35 81
10 38 2
10 46 82
10 48 86
10 71 2
11 16 82
11 18 81
11 20 81
11 24 2
11 37 81
11 57 82
11 66 82
11 83 81
11 85 2
11 88 81
11 92 81
12 44 81
12 47 81
12 51 81
12 52 82
12 65 81
12 70 82
12 75 83
12 91 82
13 29 81
13 31 81
13 45 90
13 46 82
13 54 81
13 58 81
13 74 80
13 77 83
13 85 81
14 33 81
14 44 82
14 57 82
14 63 81
14 67 82
14 86 1
14 92 81
15 24 81
15 43 81
15 50 1
15 61 1
15 90 86
15 100 81
16 37 81
16 48 82
16 76 81
16 84 82
16 89 1
16 91 81
17 21 81
17 44 81
17 70 89
17 73 84
17 75 82
18 42 86
18 54 2
18 65 81
18 77 87
18 78 82
18 92 2
18 93 82
18 96 82
19 21 81
19 34 81
19 43 82
19 59 90
19 74 81
19 84 2
19 87 2
19 91 83
20 29 82
20 34 82
20 42 83
20 46 1
20 67 81
20 76 87
20 81 82
20 90 81
20 91 1
21 24 81
21 28 81
21 48 81
21 65 85
21 78 89
21 85 81
21 88 86
21 90 81
21 92 86
21 93 85
21 99 83
22 27 88
22 39 89
22 42 82
22 45 81
22 53 81
22 57 1
22 72 81
22 76 81
23 29 81
23 43 81
23 44 2
23 48 81
23 49 82
23 51 82
23 56 81
23 62 81
23 80 2
23 81 81
23 88 87
23 98 81
24 33 81
24 39 82
24 40 81
24 53 82
24 58 81
24 70 81
24 80 82
24 92 81
25 38 82
25 45 82
25 52 1
25 61 1
25 73 81
25 96 81
25 98 81
26 27 81
26 28 81
26 29 81
26 51 81
26 58 82
26 61 89
26 77 82
27 44 83
27 47 82
27 48 2
27 54 85
27 71 2
27 96 81
28 40 81
28 56 89
28 98 84
29 30 82
29 43 81
29 47 2
29 53 84
29 69 81
29 82 81
29 99 89
29 100 2
30 38 2
30 44 2
30 72 81
30 86 81
31 68 1
31 77 81
31 83 81
31 90 1
32 54 82
32 59 84
32 60 81
32 86 81
32 95 1
32 100 1
33 64 81
33 73 81
33 88 81
33 90 86
33 95 81
33 97 81
34 35 2
34 46 82
34 82 89
34 84 81
34 92 2
35 40 81
35 41 2
35 61 87
35 78 89
35 93 81
36 38 82
36 56 88
36 64 1
36 73 82
36 75 82
36 100 1
37 51 82
37 77 83
37 88 82
38 44 81
38 56 81
38 74 81
38 90 82
39 42 81
39 46 1
39 52 84
39 65 81
39 68 82
39 79 1
39 82 81
39 84 82
39 85 82
39 92 83
40 49 90
40 61 82
40 83 1
40 86 81
40 92 81
40 95 82
40 96 82
41 49 82
41 54 82
41 67 2
41 89 82
41 98 81
42 50 87
42 63 2
42 65 81
42 67 84
42 75 81
42 79 81
42 99 2
43 45 82
43 89 82
43 93 1
43 95 1
44 56 81
44 58 81
44 63 81
44 64 90
44 71 81
44 86 82
44 88 81
45 59 82
45 64 81
45 65 81
45 68 82
45 78 81
45 84 2
45 98 81
46 58 81
46 64 81
46 71 81
46 75 81
46 78 81
46 82 81
46 86 87
47 49 82
47 59 2
47 72 82
47 88 83
48 49 81
48 59 2
48 66 81
48 88 82
48 97 81
49 55 81
49 78 85
49 80 2
49 94 81
49 99 2
50 56 85
50 58 81
50 79 81
50 87 81
50 94 81
50 98 1
51 59 81
51 66 2
52 60 81
52 66 81
52 72 1
52 82 81
52 85 81
52 96 81
53 67 82
53 74 82
53 78 1
53 81 81
53 82 86
53 89 1
54 59 81
54 60 2
54 73 87
54 76 81
54 84 90
55 69 81
55 74 82
55 93 82
55 94 2
55 95 85
55 96 81
55 99 81
56 71 81
56 74 80
56 94 81
57 58 82
57 62 1
57 76 82
57 87 81
57 89 81
57 95 81
58 61 81
58 62 82
58 68 81
58 81 89
58 91 81
58 100 82
59 76 81
59 92 81
60 72 82
60 79 81
60 85 84
60 93 84
61 64 84
61 65 81
61 84 82
62 71 81
62 73 90
62 78 81
62 94 81
62 97 86
63 96 2
64 74 81
64 79 1
64 90 81
66 75 81
66 100 2
67 78 82
67 83 81
67 84 82
67 91 81
67 92 81
68 71 86
68 74 81
68 86 1
68 91 82
69 76 82
69 85 81
69 90 89
69 97 1
70 75 86
70 96 81
71 80 82
72 86 81
72 88 81
72 89 81
72 96 81
73 94 89
74 83 82
74 85 82
74 92 81
74 99 81
75 81 83
75 97 82
75 98 81
76 84 89
76 94 2
76 98 89
78 82 1
78 83 82
78 93 82
78 99 88
79 81 81
79 93 81
80 83 81
80 86 90
80 88 82
80 97 82
81 89 82
81 93 81
81 97 81
81 99 82
81 100 81
82 97 1
83 92 82
85 96 2
86 93 81
86 99 82
87 97 82
89 91 81
90 91 83
90 98 1
90 99 81
91 99 81
92 94 82
94 96 82
95 97 84
96 97 81
97 99 85
50 501
37 7 41 15
1 5 15
1 15 13
1 18 28
1 19 15
1 22 28
1 26 16
1 27 19
1 28 28
1 29 15
1 35 13
1 37 15
1 40 20
1 42 22
1 43 12
1 46 13
1 48 17
2 5 10
2 6 24
2 7 22
2 8 25
2 10 25
2 11 15
2 12 23
2 13 26
2 14 28
2 17 14
2 21 12
2 24 14
2 28 25
2 31 20
2 33 12
2 35 28
2 36 22
2 43 28
2 46 19
2 48 29
2 49 16
3 5 17
3 10 23
3 18 28
3 19 10
3 26 12
3 27 14
3 29 17
3 32 14
3 36 26
3 37 23
3 38 20
3 42 17
3 43 12
3 45 26
3 48 26
3 49 12
4 5 27
4 7 21
4 8 26
4 10 28
4 12 28
4 18 10
4 21 12
4 24 23
4 26 22
4 32 20
4 33 24
4 35 12
4 36 20
4 40 10
4 46 22
4 49 13
5 9 23
5 10 27
5 11 19
5 13 12
5 19 25
5 20 26
5 22 25
5 26 26
5 28 15
5 29 12
5 33 10
5 34 10
5 36 21
5 37 29
5 38 19
5 41 21
5 43 11
5 47 13
5 48 16
5 49 14
5 50 15
6 7 23
6 10 17
6 12 14
6 14 10
6 15 20
6 18 14
6 22 19
6 23 14
6 25 18
6 26 19
6 27 15
6 28 17
6 35 23
6 36 13
6 41 23
6 42 16
6 47 20
6 49 29
6 50 15
7 9 17
7 13 15
7 18 22
7 20 23
7 22 11
7 23 28
7 24 23
7 25 25
7 31 25
7 34 20
7 37 17
7 38 28
7 40 14
7 41 18
7 42 23
7 46 18
7 50 25
8 10 11
8 13 11
8 14 29
8 21 23
8 22 15
8 23 26
8 24 25
8 28 15
8 32 24
8 35 15
8 37 12
8 38 10
8 39 21
8 42 14
8 43 18
8 44 21
8 45 27
8 47 13
8 48 27
8 50 18
9 11 18
9 12 21
9 13 22
9 18 23
9 19 29
9 21 29
9 23 23
9 24 17
9 26 21
9 28 22
9 31 25
9 33 22
9 34 10
9 37 21
9 38 18
9 42 10
9 45 16
9 47 11
9 48 18
10 12 28
10 13 26
10 18 10
10 26 24
10 27 10
10 28 11
10 29 23
10 36 10
10 39 15
10 42 25
10 47 11
10 48 28
11 13 12
11 16 18
11 17 20
11 24 24
11 26 25
11 27 29
11 32 12
11 33 14
11 34 25
11 35 27
11 38 29
11 40 16
11 48 23
12 13 21
12 15 29
12 16 16
12 19 19
12 20 15
12 21 10
12 25 14
12 33 14
12 34 17
12 36 21
12 39 21
12 41 25
12 42 18
12 43 23
12 48 12
13 15 17
13 16 24
13 18 1
13 22 29
13 24 26
13 33 18
13 34 13
13 35 17
13 36 24
13 40 14
13 41 29
13 47 11
13 48 1
14 16 13
14 27 17
14 28 23
14 41 24
14 44 29
14 45 12
14 48 29
15 23 17
15 25 14
15 27 26
15 28 22
15 31 11
15 33 26
15 34 27
15 35 11
15 38 15
15 39 24
15 43 28
15 45 13
15 46 10
15 47 20
16 17 21
16 18 25
16 19 25
16 20 24
16 22 27
16 23 20
16 25 10
16 28 24
16 31 27
16 32 15
16 35 11
16 36 26
16 38 28
16 40 22
16 41 25
16 42 24
16 44 28
16 46 21
16 48 20
16 50 12
17 18 11
17 19 26
17 21 15
17 24 11
17 26 23
17 30 21
17 37 10
17 38 27
17 40 17
17 43 24
17 44 17
17 48 17
17 50 27
18 19 10
18 20 19
18 21 25
18 23 15
18 24 28
18 26 10
18 27 28
18 28 25
18 30 28
18 31 28
18 32 26
18 33 28
18 36 10
18 37 16
18 38 20
18 40 27
18 42 15
18 43 16
18 45 20
18 47 26
18 50 18
19 20 24
19 23 29
19 24 21
19 27 13
19 30 27
19 31 22
19 32 13
19 34 15
19 36 26
19 37 23
19 41 12
19 47 16
19 48 23
19 49 14
19 50 16
20 21 18
20 22 18
20 23 20
20 24 16
20 27 26
20 29 29
20 30 11
20 31 17
20 35 29
20 40 29
20 42 22
20 46 14
21 23 18
21 24 18
21 26 25
21 27 25
21 32 22
21 34 13
21 35 22
21 36 21
21 42 22
21 47 28
21 48 22
22 24 14
22 25 11
22 27 22
22 28 19
22 32 26
22 35 17
22 43 10
22 45 22
22 49 24
22 50 27
23 25 23
23 26 24
23 33 12
23 34 22
23 36 13
23 40 12
23 41 14
23 42 16
23 45 16
23 48 29
23 50 17
24 27 10
24 28 26
24 29 27
24 30 19
24 31 21
24 35 24
24 36 16
24 40 28
24 42 23
24 45 11
24 46 27
24 47 19
24 49 18
24 50 22
25 26 18
25 28 18
25 29 21
25 35 11
25 38 14
25 39 27
25 40 27
25 41 15
25 46 10
25 47 21
25 48 15
26 29 14
26 31 21
26 32 25
26 34 28
26 36 11
26 41 22
26 43 17
26 50 18
27 28 13
27 30 18
27 34 18
27 35 20
27 39 17
27 40 26
27 44 11
27 46 19
27 47 14
28 29 20
28 34 11
28 35 12
28 38 11
28 39 15
28 41 22
28 43 16
28 48 12
28 49 24
28 50 25
29 31 24
29 35 11
29 39 12
29 43 26
29 47 10
29 48 13
30 32 15
30 33 23
30 35 17
30 36 25
30 40 13
30 41 17
30 42 24
30 44 27
30 45 10
30 47 28
30 48 23
31 33 19
31 36 25
31 37 18
31 38 29
31 42 18
31 44 21
31 47 27
31 48 28
32 35 29
32 36 20
32 39 24
32 40 16
32 49 21
33 34 20
33 35 24
33 42 17
33 43 27
33 44 18
33 48 15
34 37 20
34 40 17
34 41 18
34 42 29
34 43 15
34 44 27
34 45 21
34 46 28
35 37 12
35 38 20
35 40 18
35 42 23
35 43 17
35 45 24
35 46 11
35 47 23
35 48 12
35 50 19
36 39 21
36 40 22
36 43 22
36 45 22
36 47 28
36 48 25
36 50 24
37 39 25
37 40 26
37 43 17
37 45 17
37 46 12
37 50 24
38 40 22
38 41 11
38 43 22
38 45 28
38 48 27
39 42 25
39 45 15
39 48 25
40 42 15
41 42 24
41 44 25
41 45 13
41 48 15
41 50 21
42 47 16
42 48 14
42 49 13
42 50 12
43 44 25
43 45 14
43 48 24
44 45 20
44 47 24
44 48 15
44 49 11
45 49 20
46 48 18
47 48 21
48 49 27
48 50 27
100 180
69 89 44 76
1 19 33
1 48 33
1 56 33
1 81 33
2 4 33
2 42 33
2 93 33
3 37 33
3 68 33
3 80 33
4 12 33
4 99 33
5 9 33
5 31 33
5 46 33
5 85 33
6 10 33
6 48 33
6 62 33
6 72 33
7 56 33
7 60 33
7 70 33
7 81 33
8 21 33
8 67 33
8 79 33
9 62 33
9 72 33
9 88 33
10 15 33
10 43 33
10 95 33
11 26 33
11 50 33
11 91 33
12 46 33
12 90 33
13 25 33
13 29 33
13 75 33
14 40 33
14 68 33
14 71 33
14 80 33
15 54 33
15 61 33
15 72 33
16 39 33
16 40 33
16 49 33
16 86 33
17 32 33
17 35 33
17 55 33
17 77 33
18 24 33
18 30 33
18 32 33
18 47 33
19 35 33
19 43 33
19 55 33
20 48 33
20 56 33
20 62 33
20 96 33
21 26 33
21 84 33
22 28 33
22 37 33
22 47 33
22 80 33
23 54 33
23 61 33
23 63 33
23 82 33
24 57 33
24 74 33
25 60 33
25 98 33
26 92 33
27 29 33
27 53 33
27 77 33
28 41 33
28 45 33
28 94 33
29 59 33
30 73 33
30 74 33
30 83 33
31 33 33
31 88 33
31 91 33
32 41 33
32 73 33
33 46 33
33 65 33
33 90 33
34 56 33
34 58 33
34 70 33
34 96 33
35 41 33
35 45 33
36 52 33
36 66 33
36 76 33
37 57 33
38 52 33
38 76 33
38 98 33
39 44 33
39 100 33
40 82 33
40 100 33
41 47 33
42 58 33
42 96 33
42 99 33
43 45 33
43 48 33
44 86 33
45 95 33
46 99 33
47 57 33
49 63 33
49 82 33
49 87 33
50 65 33
50 89 33
51 61 33
51 72 33
51 84 33
51 88 33
52 78 33
52 97 33
53 73 33
53 83 33
54 71 33
54 95 33
55 59 33
55 81 33
58 78 33
58 93 33
59 75 33
59 77 33
60 75 33
60 97 33
61 79 33
62 85 33
63 67 33
63 79 33
64 65 33
64 89 33
64 90 33
65 91 33
66 78 33
66 93 33
67 87 33
68 100 33
69 74 33
69 83 33
70 78 33
70 97 33
71 82 33
71 94 33
73 77 33
75 81 33
79 84 33
80 94 33
84 92 33
85 96 33
85 99 33
86 87 33
88 92 33
91 92 33
94 95 33
97 98 33
81 144
34 15 75 4
1 8 33
1 11 33
1 20 33
1 62 33
2 3 33
2 11 33
2 28 33
2 62 33
3 12 33
3 38 33
3 72 33
4 50 33
4 51 33
5 15 33
5 25 33
5 27 33
6 9 33
6 35 33
6 74 33
6 78 33
7 22 33
7 40 33
7 59 33
8 35 33
8 71 33
8 78 33
9 16 33
9 37 33
9 52 33
10 37 33
10 45 33
10 52 33
10 58 33
11 35 33
11 70 33
12 22 33
12 28 33
12 47 33
13 32 33
13 65 33
13 71 33
13 78 33
14 28 33
14 29 33
14 47 33
14 64 33
15 23 33
16 35 33
16 63 33
16 70 33
17 32 33
17 43 33
17 49 33
18 19 33
18 20 33
18 24 33
18 62 33
19 54 33
19 60 33
19 77 33
20 54 33
20 71 33
21 65 33
21 74 33
21 78 33
21 81 33
22 72 33
22 80 33
23 25 33
23 55 33
24 36 33
24 38 33
24 77 33
25 36 33
25 77 33
26 42 33
26 61 33
26 75 33
27 36 33
27 44 33
28 70 33
29 33 33
29 67 33
29 79 33
30 36 33
30 38 33
30 44 33
30 72 33
31 39 33
31 66 33
31 68 33
32 42 33
32 53 33
33 47 33
33 57 33
33 76 33
34 41 33
34 66 33
37 63 33
37 68 33
38 62 33
39 69 33
39 73 33
40 51 33
40 80 33
41 45 33
41 58 33
42 43 33
42 65 33
43 75 33
44 59 33
45 66 33
45 68 33
46 48 33
46 74 33
46 81 33
47 80 33
48 52 33
48 58 33
49 53 33
49 56 33
50 57 33
50 76 33
51 57 33
52 74 33
53 54 33
53 71 33
54 56 33
55 60 33
55 77 33
56 60 33
57 80 33
59 72 33
61 65 33
61 81 33
63 64 33
63 69 33
64 70 33
64 79 33
67 73 33
67 76 33
68 69 33
69 79 33
73 79 33
40 780
2 3 4 5
1 2 1
1 3 1
1 4 1
1 5 1
1 6 1
1 7 1
1 8 1
1 9 1
1 10 1
1 11 1
1 12 1
1 13 1
1 14 1
1 15 1
1 16 1
1 17 1
1 18 1
1 19 1
1 20 1
1 21 1
1 22 1
1 23 1
1 24 1
1 25 1
1 26 1
1 27 1
1 28 1
1 29 1
1 30 1
1 31 1
1 32 1
1 33 1
1 34 1
1 35 1
1 36 1
1 37 1
1 38 1
1 39 1
1 40 1
2 3 2
2 4 1
2 5 1
2 6 1
2 7 1
2 8 1
2 9 1
2 10 1
2 11 1
2 12 1
2 13 1
2 14 1
2 15 1
2 16 1
2 17 1
2 18 1
2 19 1
2 20 1
2 21 1
2 22 1
2 23 1
2 24 1
2 25 1
2 26 1
2 27 1
2 28 1
2 29 1
2 30 1
2 31 1
2 32 1
2 33 1
2 34 1
2 35 1
2 36 1
2 37 1
2 38 1
2 39 1
2 40 1
3 4 1
3 5 1
3 6 1
3 7 1
3 8 1
3 9 1
3 10 1
3 11 1
3 12 1
3 13 1
3 14 1
3 15 1
3 16 1
3 17 1
3 18 1
3 19 1
3 20 1
3 21 1
3 22 1
3 23 1
3 24 1
3 25 1
3 26 1
3 27 1
3 28 1
3 29 1
3 30 1
3 31 1
3 32 1
3 33 1
3 34 1
3 35 1
3 36 1
3 37 1
3 38 1
3 39 1
3 40 1
4 5 1
4 6 1
4 7 1
4 8 1
4 9 1
4 10 1
4 11 1
4 12 1
4 13 1
4 14 1
4 15 1
4 16 1
4 17 1
4 18 1
4 19 1
4 20 1
4 21 1
4 22 1
4 23 1
4 24 1
4 25 1
4 26 1
4 27 1
4 28 1
4 29 1
4 30 1
4 31 1
4 32 1
4 33 1
4 34 1
4 35 1
4 36 1
4 37 1
4 38 1
4 39 1
4 40 1
5 6 1
5 7 1
5 8 1
5 9 1
5 10 1
5 11 1
5 12 1
5 13 1
5 14 1
5 15 1
5 16 1
5 17 1
5 18 1
5 19 1
5 20 1
5 21 1
5 22 1
5 23 1
5 24 1
5 25 1
5 26 1
5 27 1
5 28 1
5 29 1
5 30 1
5 31 1
5 32 1
5 33 1
5 34 1
5 35 1
5 36 1
5 37 1
5 38 1
5 39 1
5 40 1
6 7 1
6 8 1
6 9 1
6 10 1
6 11 1
6 12 1
6 13 1
6 14 1
6 15 1
6 16 1
6 17 1
6 18 1
6 19 1
6 20 1
6 21 1
6 22 1
6 23 1
6 24 1
6 25 1
6 26 1
6 27 1
6 28 1
6 29 1
6 30 1
6 31 1
6 32 1
6 33 1
6 34 1
6 35 1
6 36 1
6 37 1
6 38 1
6 39 1
6 40 1
7 8 1
7 9 1
7 10 1
7 11 1
7 12 1
7 13 1
7 14 1
7 15 1
7 16 1
7 17 1
7 18 1
7 19 1
7 20 1
7 21 1
7 22 1
7 23 1
7 24 1
7 25 1
7 26 1
7 27 1
7 28 1
7 29 1
7 30 1
7 31 1
7 32 1
7 33 1
7 34 1
7 35 1
7 36 1
7 37 1
7 38 1
7 39 1
7 40 1
8 9 1
8 10 1
8 11 1
8 12 1
8 13 1
8 14 1
8 15 1
8 16 1
8 17 1
8 18 1
8 19 1
8 20 1
8 21 1
8 22 1
8 23 1
8 24 1
8 25 1
8 26 1
8 27 1
8 28 1
8 29 1
8 30 1
8 31 1
8 32 1
8 33 1
8 34 1
8 35 1
8 36 1
8 37 1
8 38 1
8 39 1
8 40 1
9 10 1
9 11 1
9 12 1
9 13 1
9 14 1
9 15 1
9 16 1
9 17 1
9 18 1
9 19 1
9 20 1
9 21 1
9 22 1
9 23 1
9 24 1
9 25 1
9 26 1
9 27 1
9 28 1
9 29 1
9 30 1
9 31 1
9 32 1
9 33 1
9 34 1
9 35 1
9 36 1
9 37 1
9 38 1
9 39 1
9 40 1
10 11 1
10 12 1
10 13 1
10 14 1
10 15 1
10 16 1
10 17 1
10 18 1
10 19 1
10 20 1
10 21 1
10 22 1
10 23 1
10 24 1
10 25 1
10 26 1
10 27 1
10 28 1
10 29 1
10 30 1
10 31 1
10 32 1
10 33 1
10 34 1
10 35 1
10 36 1
10 37 1
10 38 1
10 39 1
10 40 1
11 12 1
11 13 1
11 14 1
11 15 1
11 16 1
11 17 1
11 18 1
11 19 1
11 20 1
11 21 1
11 22 1
11 23 1
11 24 1
11 25 1
11 26 1
11 27 1
11 28 1
11 29 1
11 30 1
11 31 1
11 32 1
11 33 1
11 34 1
11 35 1
11 36 1
11 37 1
11 38 1
11 39 1
11 40 1
12 13 1
12 14 1
12 15 1
12 16 1
12 17 1
12 18 1
12 19 1
12 20 1
12 21 1
12 22 1
12 23 1
12 24 1
12 25 1
12 26 1
12 27 1
12 28 1
12 29 1
12 30 1
12 31 1
12 32 1
12 33 1
12 34 1
12 35 1
12 36 1
12 37 1
12 38 1
12 39 1
12 40 1
13 14 1
13 15 1
13 16 1
13 17 1
13 18 1
13 19 1
13 20 1
13 21 1
13 22 1
13 23 1
13 24 1
13 25 1
13 26 1
13 27 1
13 28 1
13 29 1
13 30 1
13 31 1
13 32 1
13 33 1
13 34 1
13 35 1
13 36 1
13 37 1
13 38 1
13 39 1
13 40 1
14 15 1
14 16 1
14 17 1
14 18 1
14 19 1
14 20 1
14 21 1
14 22 1
14 23 1
14 24 1
14 25 1
14 26 1
14 27 1
14 28 1
14 29 1
14 30 1
14 31 1
14 32 1
14 33 1
14 34 1
14 35 1
14 36 1
14 37 1
14 38 1
14 39 1
14 40 1
15 16 1
15 17 1
15 18 1
15 19 1
15 20 1
15 21 1
15 22 1
15 23 1
15 24 1
15 25 1
15 26 1
15 27 1
15 28 1
15 29 1
15 30 1
15 31 1
15 32 1
15 33 1
15 34 1
15 35 1
15 36 1
15 37 1
15 38 1
15 39 1
15 40 1
16 17 1
16 18 1
16 19 1
16 20 1
16 21 1
16 22 1
16 23 1
16 24 1
16 25 1
16 26 1
16 27 1
16 28 1
16 29 1
16 30 1
16 31 1
16 32 1
16 33 1
16 34 1
16 35 1
16 36 1
16 37 1
16 38 1
16 39 1
16 40 1
17 18 1
17 19 1
17 20 1
17 21 1
17 22 1
17 23 1
17 24 1
17 25 1
17 26 1
17 27 1
17 28 1
17 29 1
17 30 1
17 31 1
17 32 1
17 33 1
17 34 1
17 35 1
17 36 1
17 37 1
17 38 1
17 39 1
17 40 1
18 19 1
18 20 1
18 21 1
18 22 1
18 23 1
18 24 1
18 25 1
18 26 1
18 27 1
18 28 1
18 29 1
18 30 1
18 31 1
18 32 1
18 33 1
18 34 1
18 35 1
18 36 1
18 37 1
18 38 1
18 39 1
18 40 1
19 20 1
19 21 1
19 22 1
19 23 1
19 24 1
19 25 1
19 26 1
19 27 1
19 28 1
19 29 1
19 30 1
19 31 1
19 32 1
19 33 1
19 34 1
19 35 1
19 36 1
19 37 1
19 38 1
19 39 1
19 40 1
20 21 1
20 22 1
20 23 1
20 24 1
20 25 1
20 26 1
20 27 1
20 28 1
20 29 1
20 30 1
20 31 1
20 32 1
20 33 1
20 34 1
20 35 1
20 36 1
20 37 1
20 38 1
20 39 1
20 40 1
21 22 1
21 23 1
21 24 1
21 25 1
21 26 1
21 27 1
21 28 1
21 29 1
21 30 1
21 31 1
21 32 1
21 33 1
21 34 1
21 35 1
21 36 1
21 37 1
21 38 1
21 39 1
21 40 1
22 23 1
22 24 1
22 25 1
22 26 1
22 27 1
22 28 1
22 29 1
22 30 1
22 31 1
22 32 1
22 33 1
22 34 1
22 35 1
22 36 1
22 37 1
22 38 1
22 39 1
22 40 1
23 24 1
23 25 1
23 26 1
23 27 1
23 28 1
23 29 1
23 30 1
23 31 1
23 32 1
23 33 1
23 34 1
23 35 1
23 36 1
23 37 1
23 38 1
23 39 1
23 40 1
24 25 1
24 26 1
24 27 1
24 28 1
24 29 1
24 30 1
24 31 1
24 32 1
24 33 1
24 34 1
24 35 1
24 36 1
24 37 1
24 38 1
24 39 1
24 40 1
25 26 1
25 27 1
25 28 1
25 29 1
25 30 1
25 31 1
25 32 1
25 33 1
25 34 1
25 35 1
25 36 1
25 37 1
25 38 1
25 39 1
25 40 1
26 27 1
26 28 1
26 29 1
26 30 1
26 31 1
26 32 1
26 33 1
26 34 1
26 35 1
26 36 1
26 37 1
26 38 1
26 39 1
26 40 1
27 28 1
27 29 1
27 30 1
27 31 1
27 32 1
27 33 1
27 34 1
27 35 1
27 36 1
27 37 1
27 38 1
27 39 1
27 40 1
28 29 1
28 30 1
28 31 1
28 32 1
28 33 1
28 34 1
28 35 1
28 36 1
28 37 1
28 38 1
28 39 1
28 40 1
29 30 1
29 31 1
29 32 1
29 33 1
29 34 1
29 35 1
29 36 1
29 37 1
29 38 1
29 39 1
29 40 1
30 31 1
30 32 1
30 33 1
30 34 1
30 35 1
30 36 1
30 37 1
30 38 1
30 39 1
30 40 1
31 32 1
31 33 1
31 34 1
31 35 1
31 36 1
31 37 1
31 38 1
31 39 1
31 40 1
32 33 1
32 34 1
32 35 1
32 36 1
32 37 1
32 38 1
32 39 1
32 40 1
33 34 1
33 35 1
33 36 1
33 37 1
33 38 1
33 39 1
33 40 1
34 35 1
34 36 1
34 37 1
34 38 1
34 39 1
34 40 1
35 36 1
35 37 1
35 38 1
35 39 1
35 40 1
36 37 1
36 38 1
36 39 1
36 40 1
37 38 1
37 39 1
37 40 1
38 39 1
38 40 1
39 40 1
-1

